B	384	415	447
C	203	180	202
B	210	205	209
A	940	939	939
B	921	902	920
B	796	771	795
A	347	348	346
C	501	394	500
B	845	850	844
A	183	176	182
C	422	473	421
B	756	747	755
C	526	37	525
C	90	37	89
B	603	580	602
B	845	850	844
C	779	12	778
D	579	956	578
C	115	12	114
C	32	95	31
A	60	59	59
D	335	176	334
B	792	59	791
D	160	351	159
A	344	351	359
C	932	987	931
C	315	324	314
D	927	608	926
B	885	874	884
A	332	331	331
D	996	539	995
C	979	940	978
D	102	409	101
C	415	480	414
B	499	492	498
A	973	970	972
B	267	276	266
C	610	109	609
A	358	353	357
D	402	109	401
A	29	26	28
D	301	210	300
C	716	691	715
D	75	436	74
A	122	125	121
A	123	124	122
B	563	556	562
B	832	863	895
B	444	419	443
C	845	818	844
B	614	633	613
A	973	970	972
D	191	320	190
A	446	441	445
C	152	231	151
A	897	902	896
D	795	740	794
D	244	267	243
A	105	110	104
C	233	150	232
C	871	792	870
C	487	408	486
B	164	187	163
B	812	819	811
D	855	1001	854
B	378	357	377
D	730	805	729
C	918	1001	125
A	226	229	225
B	486	505	485
B	784	783	783
D	162	349	161
D	218	293	217
A	283	128	282
D	307	204	306
A	135	128	134
B	341	330	340
B	664	647	663
D	799	736	798
B	839	856	838
B	244	235	243
A	45	42	44
A	855	848	854
D	515	1020	490
B	908	915	907
B	274	269	273
D	829	706	828
D	449	62	448
D	839	696	838
C	883	780	882
A	361	366	360
C	189	194	188
C	595	869	594
A	169	174	168
C	794	869	793
B	282	261	281
C	683	724	682
B	48	47	47
B	257	286	256
D	467	44	466
A	256	263	271
B	92	67	91
B	594	589	593
D	601	934	600
D	614	921	613
D	275	236	274
B	399	434	398
A	437	434	436
D	108	403	107
B	95	64	94
A	719	712	718
B	765	738	764
A	835	836	834
C	903	1016	110
C	309	330	308
D	350	161	349
C	261	378	260
A	213	210	212
A	666	669	665
A	156	155	155
B	760	743	759
D	174	337	173
D	951	584	950
D	128	383	127
B	886	873	885
A	180	179	179
C	607	544	606
C	257	382	256
B	842	853	841
A	591	584	590
B	358	377	357
C	608	543	607
A	12	11	11
B	211	204	210
D	695	840	694
C	727	680	726
D	433	78	432
C	170	213	169
A	996	995	995
B	280	263	279
B	425	214	424
B	201	214	200
A	712	719	727
C	401	494	400
D	915	620	914
B	74	85	73
A	848	855	863
D	816	719	815
B	781	786	780
B	400	399	399
A	135	128	134
C	156	227	155
B	397	402	396
D	613	922	612
D	856	679	855
B	424	439	423
C	350	289	349
B	848	847	847
C	537	614	536
B	433	430	432
D	233	484	232
D	638	897	637
C	949	970	948
D	27	484	26
D	39	472	38
D	125	386	124
A	260	259	259
B	526	529	525
D	618	324	617
D	677	858	676
D	445	66	444
C	315	324	314
D	543	992	542
D	336	175	335
B	93	66	92
B	146	141	145
A	927	872	926
B	887	872	886
A	85	82	84
C	152	231	151
D	707	328	706
A	863	856	862
D	183	328	182
C	914	1005	121
C	508	387	507
A	569	574	568
B	427	436	426
B	254	225	253
B	534	521	533
B	899	924	898
D	435	76	434
B	594	589	593
A	47	687	46
A	749	687	748
D	685	850	684
B	688	687	687
C	492	506	491
D	442	69	441
D	774	761	773
C	389	506	388
A	298	301	297
C	965	954	964
C	416	479	415
B	193	222	192
A	206	201	205
B	963	988	962
B	987	964	986
A	44	43	43
C	526	625	525
A	355	356	354
B	370	365	369
C	938	981	937
A	115	13	114
D	15	496	14
C	330	309	329
B	18	13	17
C	864	799	863
A	497	502	496
C	160	223	159
B	539	516	538
D	80	431	79
D	541	994	540
D	92	419	91
A	467	468	466
C	461	357	460
B	129	158	128
C	282	357	281
A	628	627	627
D	479	32	478
C	748	659	747
B	53	42	52
C	126	1	125
B	721	109	720
B	247	232	246
B	740	763	739
B	114	232	113
C	738	669	737
D	892	643	891
B	596	587	595
A	639	587	638
D	689	846	688
B	452	475	451
A	958	953	957
A	332	331	331
D	468	43	467
A	402	405	401
D	675	860	674
A	278	405	277
D	420	190	419
C	193	190	192
A	363	364	362
D	816	719	815
D	181	770	180
D	237	274	236
C	893	770	892
D	84	427	83
C	32	95	31
C	232	151	231
B	677	698	676
B	245	234	244
C	132	251	131
D	925	610	924
C	224	159	223
A	791	784	790
C	52	75	51
A	433	97	432
B	394	405	393
A	102	97	101
A	284	860	283
B	396	403	395
A	859	860	858
B	715	724	714
D	165	346	164
C	576	575	575
B	18	13	17
C	340	299	339
D	713	822	712
A	707	708	706
D	316	195	315
B	842	853	841
B	165	186	164
A	519	512	518
A	745	750	744
C	846	817	845
C	744	663	743
A	72	79	87
C	580	571	579
D	337	174	336
C	598	553	597
B	177	174	176
D	530	1005	505
B	665	646	664
D	92	419	91
B	221	194	220
B	756	747	755
B	116	107	115
D	775	760	774
C	703	704	702
D	746	789	745
D	303	704	302
A	835	836	834
A	398	393	397
D	915	620	914
A	676	675	675
A	516	515	515
D	649	886	648
A	72	79	87
D	824	711	823
C	587	564	586
A	769	774	768
D	455	433	454
C	462	433	461
C	459	436	458
B	910	913	909
B	512	543	575
B	729	710	728
B	275	918	274
A	913	918	912
A	424	431	439
C	81	46	80
A	118	113	117
D	512	1023	487
D	579	956	578
D	182	329	181
A	947	948	946
D	815	720	814
C	614	537	613
C	120	7	119
D	374	137	373
A	550	545	549
D	370	141	369
D	423	88	422
C	530	621	529
A	994	997	993
A	275	276	274
B	283	260	282
C	638	513	637
D	506	5	505
C	703	704	702
C	42	85	41
D	339	172	338
B	797	770	796
A	587	770	586
D	168	343	167
B	204	211	203
B	106	117	105
D	106	405	105
C	35	92	34
B	571	787	570
B	780	787	779
B	393	406	392
D	139	372	138
D	864	671	863
C	993	926	992
B	932	955	931
B	930	957	929
D	363	148	362
A	546	549	545
C	861	422	860
D	89	422	88
C	302	337	301
B	491	500	490
D	547	988	546
C	13	114	12
D	634	901	633
A	975	968	974
D	411	100	410
B	61	34	60
A	785	790	784
C	72	55	71
B	167	184	166
A	836	835	835
A	638	633	637
D	38	473	37
B	100	123	99
D	438	73	437
D	220	291	219
C	730	677	729
B	826	805	825
A	492	491	491
D	742	793	741
D	978	557	977
B	253	226	252
D	180	331	179
D	219	949	218
D	699	836	698
B	675	700	674
C	970	949	969
B	190	161	189
D	301	210	300
B	9	22	8
C	306	210	305
B	797	770	796
D	116	395	115
A	715	716	714
A	390	716	389
D	60	451	59
D	95	416	94
D	171	340	170
A	529	534	528
B	197	218	196
D	827	708	826
C	963	956	962
B	294	313	293
D	719	816	718
A	352	359	367
B	777	790	776
D	413	98	412
D	816	719	815
A	872	371	887
A	372	371	371
A	73	78	72
C	551	600	550
C	209	174	208
D	14	174	13
D	681	854	680
D	402	109	401
A	622	617	621
B	554	565	553
C	787	876	786
A	81	17	80
D	554	981	553
A	22	17	21
D	610	925	609
B	470	457	469
A	61	58	60
B	311	457	310
C	140	243	139
C	200	183	199
C	945	974	944
C	99	28	98
B	234	245	233
B	877	882	876
A	25	30	24
C	96	1004	95
C	915	1004	122
B	985	966	984
B	514	541	513
A	616	623	631
A	831	824	830
B	517	538	516
A	751	744	750
C	550	601	549
D	123	388	122
D	499	12	498
B	337	334	336
A	606	601	605
D	730	805	729
C	523	628	522
A	642	645	641
A	704	711	719
D	416	95	415
C	979	940	978
D	485	797	484
D	81	430	80
C	866	797	865
C	891	772	890
C	391	504	390
C	36	91	35
B	296	311	295
D	279	232	278
A	324	323	323
B	795	772	794
C	107	20	106
D	174	337	173
A	489	789	488
A	786	789	785
B	641	670	640
C	844	250	843
C	133	250	132
C	699	708	698
B	677	698	676
B	683	692	682
A	785	790	784
C	353	286	352
D	815	720	814
A	976	299	991
A	300	299	299
D	743	792	742
B	951	936	950
B	911	912	910
A	963	964	962
A	150	2	149
A	5	2	4
C	639	512	638
D	631	904	630
B	599	584	598
B	782	785	781
B	873	553	872
B	566	553	565
D	646	889	645
A	699	700	698
D	310	201	309
B	572	547	571
C	925	994	924
C	452	443	451
B	88	71	87
D	574	961	573
C	564	587	563
C	357	282	356
B	265	278	264
B	317	751	316
A	965	962	964
B	752	751	751
A	865	870	864
C	713	694	712
B	428	435	427
D	759	776	758
A	48	55	63
B	242	237	241
A	464	471	479
D	639	896	638
B	250	229	249
D	944	591	943
C	983	936	982
D	480	591	479
B	158	129	157
C	139	244	138
A	830	825	829
C	596	555	595
A	144	782	159
A	850	853	849
A	777	782	776
D	548	987	547
B	974	977	973
D	197	314	196
B	487	504	486
D	754	781	753
B	526	529	525
D	81	430	80
D	118	393	117
D	626	909	625
A	824	831	839
C	346	293	345
D	935	600	934
C	802	293	801
C	606	545	605
C	711	696	710
C	151	232	150
A	658	661	657
A	494	526	493
D	325	186	324
C	945	974	944
B	529	526	528
A	481	486	480
B	279	939	278
B	948	939	947
B	884	875	883
B	415	384	414
B	753	750	752
D	384	873	383
C	790	873	789
A	421	418	420
A	328	335	343
A	344	351	359
D	292	219	291
C	875	788	874
D	236	275	235
A	519	512	518
C	331	308	330
B	903	920	902
C	925	994	924
B	324	347	323
B	333	338	332
B	225	254	224
C	993	926	992
A	471	464	470
D	91	420	90
D	347	164	346
B	134	153	133
D	956	1013	955
D	522	1013	497
D	458	53	457
A	257	262	256
B	981	970	980
B	954	933	953
A	566	405	565
A	182	432	181
A	439	432	438
A	402	177	401
A	605	602	604
D	918	617	917
D	820	715	819
C	763	644	762
D	285	226	284
D	376	135	375
B	38	57	37
D	573	962	572
A	15	831	14
B	800	831	863
C	433	462	432
A	846	841	845
A	195	196	194
B	277	266	276
B	153	134	152
A	686	681	685
C	274	365	273
B	671	640	670
D	238	273	237
A	625	630	624
B	918	260	917
A	259	260	258
A	149	260	148
B	96	127	159
D	553	982	552
D	392	119	391
A	280	287	295
A	788	787	787
C	409	486	408
A	699	700	698
B	394	405	393
C	785	878	784
C	646	761	645
C	136	247	135
D	247	264	246
D	773	247	772
B	613	634	612
B	71	88	70
C	400	495	399
A	196	195	195
B	291	316	290
B	981	970	980
C	323	316	322
C	992	927	991
D	293	218	292
A	202	205	201
C	936	983	935
D	33	478	32
A	441	555	440
D	17	494	16
D	486	25	485
B	564	555	563
A	154	157	153
C	600	551	599
B	967	984	966
C	187	196	186
D	482	29	481
B	355	380	354
A	189	186	188
A	761	766	760
C	486	409	485
C	864	799	863
A	1	6	0
B	445	418	444
A	438	433	437
B	675	700	674
D	816	719	815
A	61	58	60
D	103	408	102
D	621	914	620
B	809	822	808
A	513	518	512
B	216	199	215
D	606	929	605
B	591	592	590
C	477	929	476
C	585	566	584
A	817	822	816
C	579	572	578
B	913	822	912
A	100	99	99
B	661	650	660
B	531	524	530
B	244	235	243
B	983	42	982
A	45	42	44
A	70	323	69
B	348	323	347
D	623	722	622
A	664	671	679
C	685	722	684
D	247	264	246
C	665	931	664
B	944	943	943
D	604	931	603
B	26	5	25
A	530	533	529
C	468	427	467
D	500	11	499
A	809	814	808
C	646	761	645
C	110	17	109
A	14	9	13
C	951	968	950
D	152	973	151
C	213	170	212
D	562	973	561
D	17	494	16
C	454	441	453
B	21	10	20
D	745	790	744
A	795	796	794
A	787	788	786
B	562	557	561
C	865	957	864
C	962	957	961
D	176	933	175
C	986	933	985
A	962	965	961
A	616	623	631
A	389	386	388
A	62	57	61
A	382	377	381
C	799	864	798
C	315	324	314
D	2	509	1
D	492	19	491
B	854	841	853
D	442	561	441
D	377	134	376
D	974	561	973
B	373	362	372
D	959	576	958
B	523	532	522
C	651	756	650
A	805	802	804
A	158	153	157
A	463	456	462
D	803	732	802
###################running time###################
producer time(2): 29.000000s, clock(2): 29.799999s
consumer time(2): 32.000000s, clock(2): 29.709999s
###################running time###################
producer time(2): 30.000000s, clock(2): 30.360001s
consumer time(2): 28.000000s, clock(2): 30.139999s
###################running time###################
producer time(2): 30.000000s, clock(2): 30.629999s
consumer time(2): 37.000000s, clock(2): 30.639999s
###################running time###################
producer time(2): 32.000000s, clock(2): 31.190001s
consumer time(2): 33.000000s, clock(2): 31.230000s
###################running time###################
producer time(2): 0.000000s, clock(2): 0.000000s
consumer time(2): 0.000000s, clock(2): 0.000000s
