A	291	348	290
A	579	580	578
C	303	336	302
A	347	580	346
C	201	182	200
D	822	553	821
C	598	553	597
B	4	27	3
D	461	86	460
B	301	306	300
D	425	86	424
C	721	686	720
D	83	428	82
C	846	817	845
D	492	19	491
B	340	331	339
C	292	347	291
D	685	850	684
C	128	255	383
A	666	669	665
B	780	787	779
D	258	253	257
C	5	253	4
B	592	591	591
A	925	280	924
C	34	93	33
A	287	280	286
D	293	218	292
B	930	957	929
B	654	657	653
D	882	653	881
C	462	433	461
B	650	661	649
A	2	5	1
C	80	797	79
D	738	797	737
B	193	499	192
D	637	898	636
A	500	499	499
C	317	322	316
D	580	955	579
B	482	509	481
C	708	699	707
D	437	74	436
C	88	39	87
A	253	250	252
A	988	250	987
D	940	595	939
A	124	733	123
B	706	733	705
B	961	990	960
A	504	990	519
A	322	325	321
D	206	305	205
C	91	352	90
C	287	352	286
C	497	398	496
A	950	945	949
A	548	547	547
A	624	631	639
B	663	648	662
A	313	318	312
B	303	304	302
D	218	293	217
B	815	816	814
D	682	853	681
C	223	160	222
D	387	853	386
C	982	937	981
D	197	314	196
A	675	423	674
B	440	423	439
A	709	236	708
C	498	397	497
B	990	961	989
A	235	236	234
A	939	662	938
D	124	387	123
A	657	662	656
A	962	965	961
D	736	799	735
B	604	579	603
A	129	134	128
C	779	799	778
B	819	812	818
A	589	586	588
A	695	688	694
C	105	22	104
C	722	685	721
D	635	900	634
D	158	353	157
B	136	151	135
C	64	63	63
D	616	684	615
D	65	446	64
C	723	684	722
C	768	895	1023
A	559	552	558
B	638	609	637
C	407	488	406
C	898	1021	105
C	172	211	171
C	960	959	959
B	763	740	762
B	610	637	609
C	969	950	968
D	638	498	637
D	13	498	12
B	967	984	966
A	944	75	959
A	312	319	327
A	76	75	75
B	11	54	10
A	49	54	48
D	577	958	576
D	908	627	907
B	156	131	155
D	39	472	38
B	821	810	820
A	638	633	637
A	585	471	584
C	122	88	121
C	39	88	38
A	464	471	479
A	247	240	246
D	980	227	979
A	483	484	482
C	156	227	155
C	809	854	808
A	708	707	707
A	207	707	206
D	472	39	471
A	244	243	243
A	379	380	378
A	139	140	138
C	289	350	288
D	47	464	46
D	183	328	182
D	317	194	316
B	735	704	734
A	125	122	124
A	318	313	317
D	185	326	184
A	360	367	375
B	114	109	113
A	389	386	388
B	519	536	518
C	104	23	103
C	331	308	330
B	824	807	823
A	604	603	603
B	671	640	670
B	127	96	126
D	443	68	442
C	576	575	575
D	48	463	47
B	357	378	356
D	781	754	780
D	512	1023	487
A	787	788	786
D	858	677	857
D	4	507	3
C	760	647	759
A	1000	1007	15
C	889	774	888
C	214	169	213
A	201	206	200
D	289	222	288
A	596	687	595
D	402	739	401
D	796	739	795
B	688	687	687
D	942	593	941
A	840	699	855
A	700	699	699
B	510	481	509
D	962	679	961
C	728	679	727
D	264	247	263
A	681	686	680
D	166	392	165
D	130	381	129
A	221	218	220
C	503	392	502
D	571	964	570
D	520	1015	495
D	412	99	411
A	507	508	506
D	422	89	421
A	724	723	723
D	384	127	383
B	382	353	381
C	552	599	551
B	277	266	276
D	439	977	438
D	558	977	557
B	748	755	747
B	131	973	130
B	178	173	177
B	978	755	977
B	557	562	556
B	267	276	266
C	145	238	144
D	828	238	827
A	94	89	93
B	669	642	668
C	276	831	275
D	704	831	703
C	201	182	200
C	75	52	74
C	434	665	433
C	742	665	741
D	775	433	774
D	916	619	915
C	142	241	141
C	462	433	461
D	966	569	965
D	532	1003	507
A	557	122	556
A	125	122	124
B	270	273	269
D	351	160	350
C	798	865	797
D	101	865	100
B	817	814	816
D	132	379	131
A	150	145	149
B	581	602	580
C	36	91	35
A	233	238	232
D	603	932	602
D	176	335	175
A	0	629	15
A	186	189	185
D	624	911	623
A	626	629	625
A	250	253	249
A	610	613	609
B	386	413	385
A	485	482	484
A	447	440	446
C	1000	919	999
A	672	679	687
B	914	440	913
A	475	728	474
A	639	632	638
C	676	731	675
A	735	632	734
B	200	215	199
B	663	648	662
A	5	2	4
D	915	620	914
A	916	915	915
D	476	35	475
C	238	145	237
A	492	491	491
A	971	906	970
B	267	276	266
B	917	906	916
B	917	276	916
D	365	831	364
D	327	184	326
D	704	831	703
B	680	695	679
C	981	120	980
C	7	120	6
B	845	850	844
A	158	153	157
D	219	292	218
C	871	792	870
B	304	303	303
D	902	792	901
A	942	452	941
A	451	452	450
C	528	114	527
D	397	114	396
A	609	614	608
D	991	544	990
B	686	689	685
B	402	614	401
B	709	730	708
D	322	189	321
A	675	676	674
B	230	249	229
A	435	436	434
B	422	436	421
D	888	647	887
A	912	919	927
D	221	161	220
C	222	161	221
C	186	197	185
D	147	364	146
A	57	483	56
D	819	716	818
A	484	483	483
A	602	605	601
C	139	244	138
D	808	727	807
A	808	257	823
A	262	257	261
C	880	606	879
C	960	959	959
C	545	606	544
D	542	993	541
A	17	898	16
A	174	169	173
D	540	995	539
B	925	898	924
B	966	985	965
C	248	135	247
D	534	1001	509
A	513	518	512
B	300	307	299
C	117	10	116
A	749	746	748
A	860	859	859
D	561	974	560
C	332	307	331
B	128	159	191
B	528	527	527
B	211	204	210
A	12	955	11
C	987	932	986
A	956	955	955
A	920	927	935
C	783	811	782
C	68	59	67
C	852	811	851
C	236	147	235
D	806	729	805
D	362	729	361
B	833	862	832
A	685	682	684
D	218	293	217
B	952	935	951
D	447	64	446
D	269	315	268
A	968	975	983
C	324	315	323
B	872	975	871
D	146	729	145
C	678	729	677
C	112	15	111
B	653	658	652
A	361	298	360
D	498	13	497
A	773	770	772
A	301	298	300
C	125	2	124
C	740	667	739
B	978	973	977
D	118	393	117
C	203	678	202
B	142	145	141
A	300	299	299
C	729	678	728
D	307	745	306
A	800	807	815
C	685	722	684
C	662	745	661
C	343	898	342
D	838	110	837
D	401	110	400
D	637	898	636
B	529	526	528
C	702	705	701
D	584	951	583
C	904	1015	111
D	687	848	686
A	908	563	907
A	591	584	590
A	564	563	563
D	726	809	725
A	532	531	531
A	183	531	182
A	626	176	625
D	179	171	178
B	672	703	735
C	212	171	211
C	35	92	34
D	108	403	107
B	340	73	339
A	10	13	9
B	86	73	85
D	496	707	495
A	636	635	635
C	244	707	243
D	828	707	827
B	947	940	946
D	217	294	216
A	680	185	695
B	166	185	165
A	988	647	987
A	323	324	322
A	640	647	655
B	564	555	563
B	985	966	984
D	83	428	82
D	546	989	545
D	869	666	868
B	785	854	784
A	455	448	454
B	841	854	840
B	753	750	752
D	204	544	203
C	81	46	80
B	622	625	621
C	607	544	606
C	298	341	297
C	340	129	339
A	111	104	110
D	382	129	381
D	920	465	919
D	46	465	45
C	640	767	895
B	477	450	476
B	600	583	599
B	564	555	563
C	551	600	550
C	407	488	406
A	847	840	846
D	587	948	586
D	157	354	156
B	750	753	749
B	953	934	952
B	449	478	448
A	881	886	880
A	293	290	292
A	798	793	797
A	681	686	680
D	177	840	176
D	695	840	694
A	659	660	658
A	92	91	91
B	353	382	352
A	771	772	770
C	476	419	475
B	64	95	127
A	632	639	647
B	72	87	71
C	757	650	756
D	291	220	290
B	338	333	337
D	350	161	349
C	809	882	808
C	542	609	541
D	874	661	873
C	781	882	780
D	774	761	773
B	267	168	266
B	183	168	182
A	376	383	391
D	730	805	729
B	322	349	321
B	153	134	152
D	728	807	727
B	827	804	826
B	390	957	389
A	954	957	953
A	913	918	912
A	902	897	901
B	653	718	652
C	391	504	390
B	721	897	720
D	988	547	987
C	429	466	428
D	950	585	949
B	136	151	135
B	87	72	86
B	269	274	268
B	307	300	306
A	29	26	28
D	748	26	747
D	482	29	481
C	101	26	100
A	357	354	356
D	253	258	252
A	671	664	670
D	268	243	267
B	816	815	815
C	640	767	895
A	696	703	711
C	733	674	732
B	870	889	869
D	250	361	249
C	840	823	839
B	102	121	101
C	278	361	277
D	553	982	552
A	83	84	82
D	877	658	876
A	417	422	416
D	739	796	738
D	846	689	845
D	940	595	939
D	772	763	771
D	846	63	845
C	64	63	63
D	85	426	84
A	964	963	963
D	557	872	556
A	226	765	225
A	762	765	761
D	663	872	662
A	661	697	660
D	831	704	830
B	678	697	677
B	908	658	907
A	957	954	956
B	284	259	283
B	907	916	906
A	857	862	856
B	429	434	428
D	545	990	544
C	350	289	349
A	641	646	640
C	399	496	398
B	41	54	40
D	692	843	691
D	46	465	45
A	687	680	686
C	868	795	867
B	651	660	650
C	808	855	807
A	138	713	137
D	350	161	349
A	368	375	383
A	718	713	717
B	953	934	952
C	214	169	213
C	723	684	722
D	959	684	958
D	803	240	802
C	646	761	645
C	143	240	142
B	258	285	257
C	891	68	890
D	941	594	940
C	59	68	58
A	482	485	481
B	322	349	321
B	353	382	352
C	833	830	832
A	485	482	484
A	684	683	683
A	192	199	207
B	163	683	162
B	933	954	932
A	411	887	410
B	65	94	64
B	612	635	611
A	880	887	895
A	872	879	887
A	804	803	803
D	299	212	298
A	468	467	467
B	182	169	181
A	724	723	723
B	16	15	15
B	696	679	695
B	801	830	800
C	552	599	551
B	874	885	873
A	111	104	110
B	45	50	44
A	61	58	60
A	47	40	46
C	993	926	992
A	149	146	148
A	182	177	181
C	775	888	774
A	442	445	441
A	463	456	462
D	261	250	260
A	768	775	783
B	588	595	587
D	173	338	172
A	938	941	937
B	325	311	324
B	296	311	295
C	516	635	515
B	567	902	566
A	897	902	896
C	575	576	574
B	608	639	671
A	116	115	115
D	485	26	484
C	493	402	492
C	710	697	709
B	451	476	450
C	861	802	860
C	22	105	21
A	378	381	377
B	367	127	366
A	384	391	399
B	96	127	159
D	863	672	862
A	459	460	458
D	543	992	542
C	802	992	801
C	881	782	880
C	822	841	821
C	465	430	464
D	73	438	72
C	1000	919	999
D	65	446	64
B	319	288	318
C	486	409	485
D	588	653	587
B	626	621	625
D	659	876	658
C	754	653	753
D	163	348	162
B	879	937	878
D	600	935	599
B	950	937	949
A	332	331	331
C	420	475	419
A	315	316	314
B	831	800	830
C	131	252	130
A	649	654	648
D	728	807	727
C	205	178	204
C	460	435	459
B	64	95	127
B	279	95	278
D	534	1001	509
D	426	85	425
A	475	476	474
A	191	184	190
B	385	414	384
B	234	245	233
D	934	601	933
D	720	815	719
D	372	139	371
A	700	513	699
C	410	485	409
A	518	513	517
A	298	301	297
B	654	657	653
D	57	454	56
B	661	650	660
C	749	658	748
B	894	865	893
C	311	328	310
C	96	328	95
A	630	625	629
A	85	82	84
C	593	558	592
B	972	979	971
B	630	82	629
B	27	4	26
D	329	182	328
B	166	260	165
B	283	260	282
A	327	320	326
C	835	828	834
C	937	982	936
D	810	982	809
C	16	111	15
B	212	203	211
D	251	260	250
D	295	216	294
A	896	903	911
C	668	739	667
B	816	815	815
C	829	739	828
C	71	56	70
A	928	43	943
A	44	43	43
B	345	326	344
C	8	119	7
A	907	908	906
D	448	63	447
D	660	875	659
B	577	606	576
B	712	191	711
A	588	587	587
A	184	191	199
D	284	755	283
D	434	77	433
D	619	916	618
C	652	755	651
A	585	590	584
D	725	810	724
C	187	196	186
C	170	810	169
B	21	645	20
D	636	899	635
B	686	689	685
B	666	645	665
A	950	945	949
C	116	11	115
D	711	981	710
C	938	981	937
D	195	316	194
D	994	541	993
C	702	705	701
B	226	253	225
D	320	365	319
A	756	755	755
D	146	365	145
A	168	755	183
D	586	502	585
C	393	502	392
C	197	186	196
A	158	153	157
C	276	363	275
A	754	757	753
D	935	600	934
B	303	304	302
D	987	548	986
A	823	816	822
D	133	378	132
C	985	934	984
D	72	439	71
D	875	660	874
C	932	216	931
C	167	216	166
A	913	657	912
C	904	1015	111
B	847	848	846
A	662	657	661
B	660	651	659
A	800	807	815
D	863	672	862
B	513	542	512
A	354	357	353
D	730	805	729
C	875	788	874
A	125	122	124
B	0	31	63
C	538	613	537
D	515	1020	490
C	860	803	859
D	814	721	813
B	449	478	448
A	907	908	906
C	898	1021	105
C	642	765	641
C	134	249	133
A	967	960	966
D	841	694	840
A	417	422	416
D	357	154	356
B	663	648	662
B	214	201	213
A	328	966	343
A	347	348	346
A	961	966	960
D	209	302	208
D	95	416	94
B	774	793	773
D	69	442	68
C	969	950	968
B	840	855	839
D	390	121	389
D	437	74	436
D	909	626	908
C	160	223	159
A	226	229	225
D	261	250	260
D	305	206	304
C	437	458	436
A	678	673	677
A	366	361	365
B	222	193	221
D	452	59	451
A	619	620	618
C	294	345	293
B	478	449	477
A	834	837	833
A	908	907	907
D	259	756	258
C	651	756	650
D	762	966	761
C	953	966	952
D	796	739	795
B	192	223	255
C	160	223	159
B	635	612	634
C	563	588	562
C	305	334	304
C	241	698	240
D	652	883	651
A	698	701	697
D	837	698	836
B	971	578	970
D	437	74	436
D	69	442	68
A	581	578	580
B	265	278	264
B	813	278	812
C	775	888	774
C	630	521	629
C	112	15	111
C	280	359	279
D	295	216	294
B	10	21	9
C	631	520	630
D	774	761	773
B	375	360	374
D	319	192	318
D	799	1020	798
B	426	437	425
C	899	1020	106
D	105	406	104
A	807	230	806
C	58	69	57
C	920	999	127
B	249	230	248
B	633	614	632
C	845	818	844
A	533	530	532
C	295	344	294
C	179	204	178
D	122	389	121
B	690	685	689
B	418	445	417
B	737	766	736
B	844	851	843
D	84	427	83
B	973	978	972
C	690	613	689
C	904	1015	111
C	188	195	187
C	538	613	537
B	720	719	719
A	206	201	205
B	667	644	666
C	237	146	236
A	62	57	61
B	562	557	561
D	339	172	338
D	190	321	189
A	3	4	2
B	870	4	869
C	126	1	125
B	706	733	705
C	111	16	110
D	148	363	147
B	13	18	12
C	691	716	690
C	368	271	367
D	404	107	403
C	988	931	987
C	90	37	89
D	260	251	259
B	538	517	537
C	737	670	736
B	450	477	449
A	525	522	524
C	579	572	578
A	676	675	675
C	354	572	353
D	176	335	175
D	480	31	479
A	419	420	418
C	131	31	130
D	567	968	566
D	722	813	721
A	506	509	505
D	826	709	825
A	126	121	125
A	517	514	516
C	123	4	122
C	65	62	64
D	666	869	665
A	64	71	79
D	15	496	14
D	947	588	946
C	224	159	223
C	174	209	173
C	405	490	404
A	98	101	97
D	198	313	197
B	999	1016	14
C	683	724	682
B	235	244	234
C	287	982	286
D	553	982	552
A	353	358	352
C	764	643	763
D	769	325	768
D	186	325	185
D	144	367	143
A	396	395	395
B	424	439	423
C	441	454	440
D	874	661	873
B	681	694	680
C	532	619	531
B	357	865	356
B	56	39	55
B	894	865	893
A	520	527	535
D	288	223	287
D	120	223	119
C	494	401	493
A	297	302	296
B	88	71	87
B	943	944	942
B	759	744	758
A	988	987	987
C	434	461	433
B	250	229	249
B	170	229	169
B	278	265	277
B	238	265	237
D	239	272	238
C	958	961	957
A	626	619	625
A	115	193	114
A	198	193	197
B	628	619	627
B	701	320	700
A	961	320	960
A	529	534	528
A	327	320	326
C	722	685	721
B	37	58	36
A	472	479	487
D	944	591	943
A	629	626	628
B	846	849	845
B	581	602	580
B	33	62	32
C	906	1013	113
B	593	571	592
C	646	761	645
B	548	571	547
A	274	277	273
A	619	745	618
A	750	745	749
D	952	583	951
B	470	457	469
A	29	26	28
D	298	213	297
D	726	809	725
A	226	251	225
A	252	251	251
B	795	251	794
C	953	966	952
C	902	1017	109
D	265	246	264
C	96	31	95
D	809	246	808
A	395	539	394
B	425	539	424
A	540	539	539
C	461	434	460
B	728	711	727
A	959	711	958
D	482	29	481
A	38	711	37
B	507	716	506
B	777	790	776
B	520	790	519
A	715	716	714
D	862	673	861
D	437	74	436
B	658	561	657
B	558	561	557
D	464	98	463
D	413	98	412
C	524	627	523
D	166	627	165
D	944	591	943
C	409	486	408
D	75	436	74
C	611	540	610
A	951	944	950
D	656	879	655
C	489	406	488
B	611	944	610
B	214	201	213
A	298	301	297
B	931	301	930
B	168	183	167
D	731	804	730
D	248	263	247
B	827	804	826
C	377	262	376
D	318	938	317
C	981	938	980
C	485	410	484
D	928	410	927
B	691	684	690
B	781	786	780
B	905	786	904
C	605	546	604
A	732	731	731
C	270	369	269
C	929	990	928
A	875	876	874
B	260	283	259
A	685	682	684
C	530	621	529
B	780	787	779
C	826	837	825
B	90	69	89
A	718	713	717
D	890	645	889
B	506	46	505
C	916	607	123
A	41	46	40
C	544	607	543
D	544	991	543
C	339	300	338
B	663	648	662
D	478	33	477
A	844	843	843
B	142	145	141
C	994	925	993
D	233	278	232
B	946	941	945
D	889	773	888
B	872	887	871
D	762	773	761
D	239	272	238
B	282	261	281
A	981	978	980
C	12	115	11
B	568	746	567
B	757	746	756
C	385	510	384
D	945	590	944
D	328	183	327
B	751	752	750
C	466	429	465
C	519	632	518
A	98	101	97
C	589	562	588
D	588	947	587
D	758	562	757
A	326	321	325
C	440	455	439
D	141	370	140
A	423	416	422
B	878	881	877
B	944	943	943
B	123	100	122
D	102	409	101
C	955	964	954
B	146	141	145
D	265	246	264
B	495	141	494
C	717	690	716
A	89	94	88
C	644	763	643
A	205	202	204
D	441	70	440
C	126	1	125
A	170	173	169
B	137	150	136
D	213	298	212
A	847	681	846
D	47	464	46
B	694	681	693
B	213	202	212
C	439	456	438
A	533	530	532
B	704	735	767
D	935	600	934
A	996	995	995
A	114	117	113
C	472	423	471
C	443	452	442
C	220	163	219
B	312	295	311
D	539	996	538
C	160	223	159
A	990	985	989
D	916	619	915
C	223	160	222
C	785	878	784
B	562	557	561
B	868	557	867
A	127	120	126
D	167	145	166
D	763	772	762
C	238	760	237
D	775	772	774
C	244	139	243
D	461	50	460
D	930	605	929
B	939	948	938
D	485	26	484
D	715	820	714
C	85	42	84
B	119	104	118
B	87	72	86
D	452	59	451
D	634	901	633
B	944	943	943
B	172	179	171
B	818	813	817
B	346	325	345
D	534	1001	509
A	539	540	538
D	272	239	271
B	831	800	830
D	446	65	445
C	502	746	501
D	218	950	217
C	661	746	660
C	969	950	968
D	817	813	816
D	601	934	600
D	883	652	882
D	722	813	721
A	403	404	402
A	178	181	177
B	931	956	930
C	573	578	572
A	18	21	17
A	522	525	521
B	232	247	231
B	753	750	752
C	813	850	812
C	791	872	790
D	668	867	667
A	108	107	107
B	902	921	901
A	176	183	191
D	959	576	958
D	551	984	550
D	234	277	233
B	256	287	319
A	4	3	3
C	200	183	199
B	63	32	62
C	163	220	162
C	108	220	107
B	906	917	905
A	687	680	686
C	71	56	70
B	230	680	229
D	742	56	741
D	375	136	374
C	720	687	719
C	223	160	222
A	568	575	583
B	212	203	211
C	457	438	456
C	479	438	478
D	919	616	918
D	93	418	92
A	26	29	25
B	26	5	25
B	551	568	550
B	332	339	331
C	463	432	462
A	336	343	351
C	533	618	532
D	101	18	100
C	525	626	524
C	109	18	108
D	819	716	818
B	837	858	836
A	907	908	906
A	606	908	605
B	858	908	857
A	440	447	455
C	908	1011	115
B	782	785	781
B	275	268	274
A	958	953	957
A	495	488	494
B	408	391	407
A	18	21	17
A	560	567	575
A	355	356	354
D	505	6	504
C	577	574	576
A	24	847	39
A	238	233	237
D	160	351	159
A	840	847	855
B	906	917	905
C	194	189	193
A	862	857	861
A	169	174	168
A	55	48	54
D	712	823	711
A	770	773	769
B	504	487	503
A	213	210	212
A	725	722	724
B	180	171	179
B	712	727	711
D	647	888	646
B	497	494	496
A	12	11	11
B	478	494	477
B	576	607	639
A	331	332	330
B	293	314	292
C	402	493	401
D	416	95	415
B	21	10	20
A	878	873	877
B	761	742	760
A	279	272	278
B	596	587	595
A	587	588	586
A	603	604	602
D	859	676	858
D	466	45	465
D	207	304	206
B	326	345	325
D	774	761	773
A	437	434	436
A	813	434	812
D	225	286	224
B	826	805	825
C	911	1008	118
D	646	889	645
A	661	658	660
B	433	430	432
A	444	443	443
D	827	708	826
A	199	192	198
D	159	352	158
C	665	742	664
D	894	641	893
B	133	154	132
B	391	408	390
A	973	970	972
B	325	346	324
D	487	24	486
B	812	819	811
D	699	836	698
B	160	191	223
B	156	131	155
D	666	155	665
C	114	13	113
C	228	155	227
B	416	447	479
C	13	114	12
C	713	694	712
B	45	50	44
C	491	404	490
B	847	848	846
B	628	619	627
C	197	186	196
C	663	744	662
A	379	380	378
B	238	380	237
B	373	359	372
B	376	359	375
B	71	88	70
A	374	369	373
D	777	758	776
A	656	369	671
D	650	885	649
D	73	438	72
A	686	681	685
B	812	819	811
A	428	597	427
A	594	597	593
D	414	97	413
D	280	231	279
D	163	348	162
B	110	113	109
B	539	516	538
C	181	202	180
A	327	320	326
B	828	803	827
D	146	365	145
C	217	166	216
C	746	661	745
C	58	69	57
C	3	124	2
B	956	931	955
D	789	746	788
C	581	570	580
D	838	198	837
D	313	198	312
A	275	276	274
C	1	1006	0
A	933	930	932
C	913	1006	120
D	600	935	599
B	576	607	639
B	540	515	539
C	718	689	717
C	882	781	881
D	360	151	359
B	274	269	273
C	313	326	312
D	538	997	537
A	140	139	139
B	612	635	611
D	992	543	991
D	691	869	690
B	174	177	173
D	666	869	665
D	871	664	870
C	71	56	70
D	383	128	382
D	194	317	193
B	149	138	148
C	704	703	703
A	469	466	468
C	855	808	854
D	356	155	355
D	788	37	787
C	680	727	679
C	90	37	89
B	11	20	10
D	110	401	109
C	274	365	273
B	626	621	625
D	379	132	378
C	24	103	23
D	897	638	896
B	266	277	265
B	333	338	332
C	175	208	174
D	935	600	934
C	952	967	951
D	860	600	859
A	328	643	343
A	644	643	643
A	732	731	731
C	930	989	929
C	485	830	484
C	493	402	492
C	833	830	832
C	7	120	6
A	838	833	837
A	489	494	488
B	607	576	606
C	275	364	274
A	184	191	199
A	552	559	567
A	539	540	538
B	180	540	179
D	140	371	139
D	770	765	769
A	634	637	633
A	341	338	340
B	346	325	345
C	721	686	720
D	305	686	304
A	849	325	848
C	537	614	536
C	45	82	44
B	525	530	524
C	428	467	427
B	538	517	537
A	941	938	940
D	549	986	548
C	498	986	497
C	9	118	8
C	40	87	39
B	209	206	208
B	567	552	566
A	642	901	641
B	922	901	921
B	221	194	220
D	697	838	696
A	409	994	408
A	997	994	996
A	698	701	697
A	524	701	523
D	112	777	111
C	886	777	885
A	538	541	537
D	586	949	585
B	609	638	608
B	488	638	487
C	805	858	804
A	998	993	997
A	971	972	970
C	13	114	12
A	961	966	960
D	268	243	267
B	634	613	633
A	97	102	96
B	143	144	142
D	976	559	975
D	778	591	777
C	560	591	559
B	818	813	817
C	961	958	960
D	744	791	743
D	944	591	943
C	514	791	513
C	810	853	809
D	80	101	79
B	269	274	268
C	26	101	25
B	549	570	548
D	162	349	161
D	230	281	229
B	690	971	689
B	980	971	979
A	740	528	739
A	535	528	534
D	171	340	170
C	919	1000	126
A	684	683	683
D	584	45	583
A	335	328	334
C	82	45	81
C	951	968	950
D	422	89	421
A	546	549	545
C	141	242	140
A	2	696	1
D	159	352	158
A	703	696	702
C	488	352	487
B	608	639	671
D	578	957	577
A	296	303	311
D	936	599	935
D	637	898	636
A	223	216	222
A	230	225	229
B	908	915	907
A	230	225	229
C	366	273	365
B	779	788	778
D	675	860	674
B	128	159	191
D	749	935	748
C	984	935	983
A	611	612	610
A	760	767	775
D	639	896	638
C	835	828	834
B	543	512	542
A	711	719	710
A	497	502	496
A	212	502	211
A	712	719	727
C	397	498	396
C	159	224	158
C	377	262	376
A	596	595	595
B	222	956	221
D	959	576	958
D	616	919	615
B	931	956	930
B	79	923	78
C	793	870	792
C	530	621	529
A	924	923	923
D	60	398	59
D	637	898	636
C	497	398	496
C	609	542	608
C	545	606	544
A	241	246	240
C	763	644	762
C	592	559	591
C	816	847	815
D	881	654	880
A	355	356	354
B	406	393	405
A	467	468	466
A	154	157	153
B	496	495	495
A	556	555	555
B	903	920	902
B	305	302	304
C	744	663	743
D	311	200	310
B	504	487	503
B	394	487	393
C	770	893	769
C	83	44	82
A	302	297	301
D	501	10	500
A	962	965	961
C	975	944	974
A	507	508	506
A	520	527	535
C	508	387	507
D	337	387	336
A	738	182	737
B	169	182	168
D	478	33	477
A	23	16	22
D	876	659	875
B	468	459	467
B	590	593	589
D	543	992	542
C	630	521	629
A	106	109	105
B	26	5	25
D	696	839	695
D	812	723	811
A	130	316	129
D	214	297	213
A	315	316	314
A	979	980	978
D	249	262	248
A	492	491	491
D	698	837	697
B	63	32	62
D	36	475	35
A	631	828	630
A	827	828	826
B	781	786	780
A	429	426	428
A	474	477	473
A	742	426	741
B	320	351	383
D	639	896	638
C	776	887	775
C	382	257	381
A	577	527	576
D	161	350	160
C	99	28	98
A	520	527	535
B	540	515	539
D	776	759	775
A	421	418	420
B	60	35	59
B	368	555	367
A	556	555	555
B	535	520	534
B	867	892	866
B	138	149	137
B	302	305	301
C	856	807	855
D	242	807	241
D	34	576	33
C	948	971	947
D	235	971	234
D	959	971	958
C	597	554	596
D	736	799	735
B	907	916	906
C	939	980	938
B	139	148	138
C	454	441	453
D	322	189	321
A	435	436	434
C	250	133	249
A	533	530	532
D	586	949	585
A	927	530	926
B	603	580	602
C	170	213	169
A	314	317	313
B	652	659	651
A	365	362	364
C	951	968	950
A	329	334	328
C	658	749	657
D	997	538	996
B	281	262	280
B	940	262	939
D	385	126	384
A	629	626	628
B	743	760	742
A	274	277	273
C	332	307	331
D	254	257	253
D	17	494	16
C	973	946	972
D	202	309	201
A	48	55	63
D	886	649	885
A	552	559	567
A	394	397	393
C	940	979	939
D	432	79	431
A	215	208	214
D	772	763	771
D	73	93	72
B	978	973	977
D	418	93	417
B	339	973	338
D	425	808	424
A	865	735	864
A	728	735	743
C	855	808	854
D	422	89	421
D	438	73	437
B	378	357	377
A	986	989	985
C	336	303	335
B	11	20	10
A	419	420	418
B	324	347	323
A	459	460	458
C	282	357	281
C	884	779	883
C	472	423	471
D	630	905	629
D	540	995	539
B	994	1021	9
A	337	342	336
C	826	837	825
C	832	831	831
D	998	537	997
B	474	453	473
B	279	264	278
D	880	655	879
A	143	136	142
A	188	187	187
C	558	593	557
A	682	685	681
C	447	448	446
C	341	298	340
A	59	60	58
D	110	401	109
A	222	217	221
D	22	489	21
A	772	771	771
D	482	29	481
C	874	789	873
D	687	848	686
B	291	316	290
B	336	335	335
B	566	553	565
C	522	629	521
C	877	786	876
A	567	560	566
B	591	592	590
B	434	429	433
C	293	245	292
B	370	365	369
C	138	245	137
A	842	845	841
D	469	450	468
D	33	478	32
D	218	478	217
C	445	450	444
C	663	744	662
A	776	783	791
A	960	967	975
D	240	271	239
D	846	348	845
C	797	866	796
C	291	348	290
B	380	355	379
D	654	616	653
A	609	614	608
D	919	616	918
C	413	482	412
C	759	648	758
A	347	348	346
C	865	798	864
D	189	322	188
A	813	810	812
D	111	400	110
B	421	442	420
B	386	413	385
C	627	524	626
B	76	83	75
C	1000	919	999
D	11	500	10
A	930	933	929
B	868	891	867
A	602	605	601
D	768	767	767
C	423	472	422
C	906	1013	113
D	69	1013	68
A	755	756	754
C	261	378	260
D	8	503	7
B	679	696	678
C	730	677	729
B	771	796	770
C	453	442	452
D	278	233	277
A	750	745	749
D	474	59	473
C	934	985	933
C	430	465	429
D	452	59	451
B	803	828	802
A	318	313	317
C	674	733	673
C	124	3	123
B	649	662	648
B	853	662	852
B	573	546	572
C	410	485	409
B	185	166	184
B	472	455	471
D	134	377	133
C	237	146	236
B	56	39	55
A	326	321	325
A	864	871	879
C	313	326	312
B	682	860	681
A	859	860	858
D	23	488	22
A	997	994	996
C	642	765	641
A	500	853	499
A	850	853	849
B	672	703	735
D	420	91	419
A	403	404	402
C	354	285	353
C	213	170	212
D	181	330	180
B	905	918	904
B	363	372	362
A	231	918	230
B	431	432	430
C	457	438	456
A	820	819	819
C	119	8	118
D	538	997	537
D	936	599	935
D	257	254	256
A	106	109	105
B	712	727	711
A	561	566	560
C	513	638	512
B	326	345	325
B	717	722	716
C	696	711	695
B	837	858	836
D	203	308	202
A	616	623	631
D	433	78	432
D	776	759	775
B	102	121	101
D	825	710	824
A	926	921	925
B	362	373	361
B	175	373	174
C	200	183	199
D	525	1010	500
A	133	130	132
C	694	713	693
A	787	788	786
D	956	579	955
D	32	479	31
C	70	57	69
A	617	622	616
D	106	405	105
B	57	623	56
A	616	623	631
A	834	837	833
A	264	271	279
C	406	489	405
C	949	970	948
B	100	123	99
A	732	731	731
C	622	529	621
B	540	515	539
D	181	330	180
B	773	794	772
D	565	970	564
A	785	790	784
C	284	355	283
B	966	985	965
A	884	883	883
A	404	985	403
C	681	726	680
A	273	278	272
A	898	901	897
A	112	278	127
A	305	202	304
A	205	202	204
A	15	8	14
C	715	692	714
D	761	774	760
B	540	515	539
B	786	781	785
C	71	56	70
C	609	542	608
A	741	738	740
A	504	511	519
C	481	414	480
D	659	876	658
B	808	823	807
B	619	628	618
A	233	238	232
C	732	675	731
D	301	210	300
C	282	357	281
D	669	866	668
D	917	251	916
A	25	30	24
B	722	717	721
C	132	251	131
A	255	248	254
B	253	226	252
C	433	462	432
C	1000	462	999
A	497	502	496
D	566	969	565
B	564	555	563
C	312	969	311
C	153	230	152
C	687	720	686
B	210	205	209
A	630	625	629
A	230	225	229
D	768	767	767
D	56	925	55
D	610	925	609
C	919	871	126
C	35	92	34
C	792	871	791
C	668	739	667
C	883	780	882
A	211	362	210
D	817	718	816
A	365	362	364
D	437	938	436
D	902	633	901
D	964	633	963
C	981	938	980
A	268	909	267
C	811	852	810
A	30	25	29
A	906	909	905
D	217	294	216
B	288	319	351
A	871	864	870
D	833	702	832
B	940	947	939
D	443	68	442
C	453	442	452
C	608	543	607
D	898	637	897
C	6	121	5
B	191	160	190
A	31	24	30
B	382	353	381
D	319	192	318
A	147	148	146
B	383	352	382
A	366	361	365
B	200	361	199
B	891	868	890
C	175	208	174
C	572	863	571
B	49	46	48
C	800	863	799
B	658	653	657
A	723	724	722
D	299	212	298
A	252	251	251
C	987	932	986
C	439	456	438
B	885	874	884
D	958	577	957
D	177	334	176
A	477	474	476
B	518	474	517
A	753	758	752
C	538	613	537
C	127	421	126
C	474	421	473
A	102	97	101
D	897	638	896
B	377	358	376
C	889	774	888
A	425	430	424
C	214	774	213
D	671	864	670
A	868	867	867
C	993	926	992
C	878	926	877
D	354	157	353
B	870	889	869
B	87	72	86
D	812	723	811
A	507	544	506
B	807	824	806
A	551	544	550
C	279	360	278
B	847	848	846
C	245	138	244
B	169	182	168
B	35	182	34
B	335	336	334
A	67	68	66
B	164	187	163
D	288	223	287
A	368	375	383
C	816	847	815
D	570	965	569
C	353	286	352
A	498	675	497
C	477	418	476
A	676	675	675
C	308	331	307
B	749	754	748
D	60	451	59
B	752	751	751
D	764	771	763
A	431	424	430
B	945	942	944
D	572	963	571
A	597	594	596
B	463	464	462
A	355	356	354
B	360	134	359
A	129	134	128
A	801	806	800
A	579	580	578
C	689	718	688
C	417	478	416
D	720	815	719
D	931	604	930
A	496	503	511
C	645	762	644
C	848	592	847
A	828	118	827
D	943	592	942
A	113	118	112
A	56	63	71
C	257	382	256
C	353	286	352
C	379	382	378
D	280	231	279
A	368	375	383
D	50	461	49
A	786	789	785
A	922	925	921
D	886	79	885
C	48	79	47
C	785	878	784
B	573	546	572
B	271	272	270
C	883	780	882
B	778	546	777
D	776	759	775
D	245	266	244
A	454	449	453
A	979	449	978
D	147	364	146
A	745	750	744
B	357	378	356
D	494	17	493
A	414	231	413
A	224	231	239
D	478	33	477
A	886	881	885
D	574	961	573
D	941	830	940
C	501	394	500
C	833	394	832
D	214	297	213
B	212	203	211
B	353	382	352
D	432	79	431
A	873	878	872
B	207	208	206
C	867	796	866
A	179	180	178
A	293	717	292
C	230	153	229
B	631	616	630
A	714	717	713
B	626	621	625
C	12	115	11
B	482	509	481
B	329	342	328
B	875	884	874
A	230	225	229
A	169	174	168
C	16	111	15
C	996	923	995
A	606	601	605
B	822	601	821
D	69	442	68
A	942	559	941
A	552	559	567
C	881	782	880
A	878	873	877
B	27	4	26
C	455	440	454
A	168	175	183
D	34	440	33
B	232	247	231
D	139	925	138
C	994	925	993
D	229	282	228
D	274	237	273
A	659	660	658
B	179	172	178
A	257	262	256
C	615	536	614
C	786	877	785
B	891	868	890
D	624	911	623
B	580	603	579
D	844	691	843
C	821	842	820
D	130	842	129
B	888	871	887
A	382	377	381
A	806	801	805
C	664	743	663
D	837	842	836
B	3	28	2
D	693	842	692
B	63	32	62
C	633	518	632
A	661	658	660
D	491	20	490
D	228	283	227
B	103	120	102
B	236	243	235
B	644	667	643
B	421	243	420
A	378	381	377
B	917	906	916
D	778	757	777
C	851	757	850
D	417	819	416
A	45	42	44
C	844	819	843
D	93	418	92
D	286	651	285
D	643	892	642
A	257	262	256
D	884	892	883
A	404	403	403
C	3	124	2
A	722	725	721
C	505	390	504
C	363	276	362
C	938	981	937
D	978	557	977
A	407	400	406
D	732	803	731
A	142	137	141
D	228	283	227
A	323	324	322
A	848	986	863
A	989	986	988
D	519	1016	494
D	141	1016	140
A	484	483	483
D	372	139	371
B	702	673	701
B	179	172	178
A	635	636	634
B	922	901	921
B	935	952	934
D	436	75	435
A	357	354	356
C	874	789	873
A	467	468	466
B	431	432	430
C	520	631	519
A	488	495	503
A	529	534	528
C	412	483	411
A	664	671	679
B	101	122	100
C	731	676	730
D	562	676	561
A	24	31	39
C	315	324	314
B	292	315	291
D	312	199	311
B	420	443	419
A	45	212	44
A	211	212	210
C	866	797	865
D	979	556	978
B	74	85	73
C	125	2	124
B	257	286	256
C	176	68	175
B	955	932	954
C	59	68	58
A	463	456	462
B	423	440	422
B	672	703	735
A	630	625	629
A	612	611	611
D	162	349	161
C	506	389	505
C	27	100	26
B	671	640	670
D	3	868	2
A	999	992	998
C	795	868	794
B	648	663	647
C	610	541	609
D	871	664	870
B	229	250	228
C	191	664	190
D	888	647	887
D	446	65	445
B	778	980	777
B	971	980	970
D	251	318	250
D	253	258	252
C	321	318	320
B	742	761	741
A	249	518	248
B	537	518	536
D	1000	686	999
D	849	686	848
B	137	150	136
C	12	115	11
D	373	138	372
C	892	771	891
A	165	162	164
C	92	35	91
B	335	336	334
B	514	541	513
B	61	34	60
C	116	11	115
A	467	468	466
C	764	643	763
C	982	937	981
A	971	972	970
A	634	637	633
A	671	664	670
C	972	947	971
C	501	394	500
A	996	995	995
B	418	445	417
D	600	935	599
D	611	924	610
B	548	571	547
B	510	481	509
A	122	125	121
B	869	890	868
C	28	99	27
B	884	875	883
A	205	202	204
C	89	38	88
C	420	475	419
D	343	168	342
D	41	470	40
A	949	908	948
A	907	908	906
C	972	947	971
D	77	434	76
A	446	441	445
C	1	126	0
A	249	254	248
D	124	922	123
D	748	787	747
D	576	959	575
D	613	922	612
C	755	652	754
D	626	909	625
B	521	534	520
D	682	853	681
B	602	581	601
C	406	489	405
D	214	297	213
C	739	668	738
C	168	215	167
A	905	910	904
A	611	612	610
D	274	237	273
A	356	355	355
B	202	213	201
B	259	284	258
C	666	741	665
B	847	848	846
A	998	993	997
A	463	456	462
B	435	428	434
C	104	23	103
B	270	273	269
D	372	666	371
D	869	666	868
B	105	118	104
C	837	826	836
B	28	3	27
A	365	362	364
D	359	152	358
C	72	55	71
B	706	733	705
D	799	55	798
D	825	395	824
D	116	395	115
D	87	424	86
D	249	262	248
A	416	508	431
D	946	589	945
A	941	938	940
A	507	508	506
D	477	34	476
B	265	278	264
B	939	948	938
D	579	956	578
D	495	16	494
A	130	133	129
B	538	517	537
B	217	198	216
A	688	77	703
A	74	77	73
D	718	817	717
C	157	226	156
B	922	901	921
B	35	60	34
D	220	291	219
D	130	381	129
A	768	775	783
C	411	484	410
B	449	478	448
D	36	475	35
C	122	5	121
D	921	614	920
D	756	779	755
B	383	352	382
B	296	911	295
B	968	983	967
A	904	911	919
B	38	911	37
A	454	768	453
A	775	768	774
B	363	372	362
C	292	347	291
A	987	988	986
C	265	374	264
C	0	374	255
C	131	252	130
C	848	815	847
A	980	979	979
C	18	109	17
B	983	968	982
C	814	259	813
C	380	259	379
A	306	309	305
D	888	647	887
D	844	691	843
D	819	716	818
C	833	830	832
C	691	716	690
B	909	914	908
A	273	278	272
A	642	645	641
C	591	560	590
B	612	635	611
C	537	614	536
A	335	328	334
D	364	147	363
A	306	309	305
D	908	627	907
B	227	252	226
B	134	153	133
A	810	379	809
B	252	813	251
A	380	814	379
A	809	814	808
A	303	296	302
B	40	602	39
B	628	296	627
A	605	602	604
D	814	721	813
A	481	486	480
B	212	203	211
B	620	627	619
A	194	197	193
C	674	733	673
C	175	208	174
D	725	810	724
A	531	532	530
B	667	644	666
D	136	375	135
D	418	93	417
B	769	798	768
B	35	60	34
C	741	666	740
B	918	905	917
A	181	178	180
D	370	141	369
A	864	871	879
B	126	97	125
B	720	719	719
B	666	719	665
A	118	113	117
B	761	719	760
D	254	257	253
A	332	331	331
D	649	886	648
D	943	592	942
A	571	572	570
C	846	817	845
B	691	684	690
A	107	108	106
D	756	779	755
C	421	474	420
A	392	399	407
B	878	881	877
A	418	421	417
C	236	147	235
C	512	639	767
C	233	150	232
A	719	712	718
C	937	982	936
C	65	62	64
D	569	966	568
D	737	798	736
D	185	326	184
A	281	286	280
D	416	95	415
B	138	149	137
C	341	698	340
C	709	698	708
D	308	203	307
A	134	129	133
D	880	655	879
D	435	76	434
A	954	957	953
A	351	841	350
C	442	453	441
B	854	841	853
C	726	681	725
B	140	147	139
C	464	431	463
A	36	147	35
C	470	425	469
B	295	312	294
B	619	628	618
B	733	706	732
C	357	282	356
A	928	935	943
B	367	368	366
A	281	286	280
A	712	719	727
C	23	104	22
D	391	120	390
A	840	847	855
D	197	314	196
D	431	80	430
B	0	31	63
B	350	321	349
A	491	492	490
B	514	541	513
A	10	13	9
A	205	13	204
C	663	744	662
D	309	715	308
D	155	356	154
C	692	715	691
D	17	356	16
C	97	30	96
D	309	202	308
A	769	774	768
A	359	774	358
B	851	449	850
C	896	1023	103
B	478	449	477
C	73	54	72
B	500	491	499
A	398	393	397
D	911	624	910
A	831	824	830
D	408	103	407
C	20	107	19
D	384	127	383
A	185	190	184
D	982	214	981
A	158	153	157
C	506	389	505
C	169	214	168
A	708	707	707
A	867	868	866
D	249	262	248
C	200	183	199
B	814	817	813
C	357	282	356
C	312	327	311
A	460	817	459
C	222	161	221
B	821	810	820
B	815	816	814
D	701	834	700
B	202	213	201
D	899	636	898
C	164	219	163
B	245	234	244
C	718	689	717
D	255	81	254
D	430	81	429
D	547	988	546
D	987	474	986
C	266	373	265
D	37	474	36
A	426	429	425
A	929	209	928
C	17	110	16
B	651	934	650
A	214	209	213
B	863	832	862
C	706	701	705
B	117	106	116
C	69	58	68
A	119	112	118
C	726	681	725
B	863	832	862
B	998	1017	13
A	880	887	895
A	957	954	956
A	528	535	543
D	461	50	460
A	566	561	565
C	992	927	991
B	676	699	675
B	697	678	696
C	342	297	341
D	7	504	6
B	636	611	635
C	68	59	67
B	54	41	53
B	45	50	44
D	823	712	822
B	30	1	29
B	53	42	52
C	824	839	823
B	73	86	72
C	700	839	699
D	26	851	25
C	812	851	811
B	540	515	539
B	361	374	360
B	273	270	272
B	658	653	657
D	249	262	248
C	317	322	316
B	973	978	972
B	81	78	80
B	283	260	282
D	519	1016	494
A	600	607	615
B	214	201	213
C	683	724	682
D	414	724	413
D	461	50	460
C	243	747	242
D	788	747	787
C	457	50	456
C	613	538	612
B	817	814	816
D	660	875	659
C	657	750	656
C	556	398	555
A	936	943	951
C	497	398	496
C	950	398	949
B	294	313	293
B	296	311	295
D	225	286	224
D	52	459	51
D	286	225	285
C	854	809	853
A	525	522	524
C	914	1005	121
B	101	122	100
C	324	315	323
C	623	528	622
C	654	753	653
A	728	735	743
D	866	669	865
B	627	620	626
C	754	669	753
D	867	668	866
C	71	56	70
D	734	56	733
B	522	533	521
D	539	996	538
B	431	432	430
B	793	632	792
B	615	632	614
A	798	793	797
C	629	522	628
C	711	696	710
A	289	294	288
A	127	120	126
B	993	1022	8
A	637	634	636
C	103	24	102
A	21	18	20
D	862	673	861
D	283	673	282
C	917	1002	124
B	474	453	473
D	405	845	404
C	818	845	817
C	78	49	77
D	793	742	792
B	173	698	172
A	701	698	700
D	112	399	111
D	391	1018	390
C	901	1018	108
C	450	445	449
C	379	260	378
C	967	952	966
A	11	18	10
A	21	18	20
C	622	529	621
D	710	825	709
A	202	205	201
D	486	25	485
D	438	73	437
B	407	980	406
A	879	872	878
B	971	980	970
D	526	1009	501
D	633	852	632
C	480	415	479
D	683	852	682
B	345	326	344
D	795	740	794
C	780	883	779
D	127	883	126
D	666	869	665
D	817	718	816
C	879	784	878
C	9	118	8
A	705	710	704
A	198	193	197
D	887	648	886
C	111	648	110
B	848	847	847
C	15	112	14
C	595	556	594
A	140	139	139
D	753	782	752
C	183	819	182
C	844	819	843
B	413	386	412
A	652	651	651
A	974	969	973
C	256	383	511
C	310	571	309
D	964	571	963
B	114	109	113
B	817	814	816
B	327	344	326
D	398	113	397
A	28	27	27
A	628	132	627
C	972	947	971
B	155	132	154
D	241	270	240
B	867	892	866
C	896	1023	103
A	369	374	368
A	790	512	789
C	307	441	306
D	70	441	69
A	519	512	518
D	499	727	498
C	680	727	679
C	399	496	398
A	437	434	436
C	821	250	820
D	284	227	283
D	261	250	260
D	970	565	969
A	671	490	670
A	493	490	492
C	124	3	123
A	132	131	131
A	169	174	168
D	565	970	564
B	69	174	68
C	480	415	479
A	508	507	507
D	74	437	73
A	224	231	239
D	278	437	277
D	665	870	664
A	809	148	808
A	147	148	146
C	841	822	840
C	861	802	860
A	339	340	338
A	150	145	149
D	615	920	614
C	995	924	994
B	273	270	272
B	448	479	511
C	918	1001	125
B	842	853	841
A	92	91	91
B	591	853	590
D	182	329	181
D	484	27	483
B	786	781	785
C	249	134	248
C	481	414	480
A	457	462	456
B	553	566	552
C	25	102	24
B	98	125	97
B	642	669	641
B	209	206	208
B	64	95	127
B	50	206	49
C	364	275	363
A	311	304	310
C	838	825	837
B	619	628	618
D	108	403	107
B	870	889	869
C	319	320	318
D	2	509	1
A	282	285	281
C	152	231	151
B	998	1017	13
C	356	283	355
C	930	989	929
D	399	112	398
D	500	11	499
A	919	912	918
B	956	931	955
C	901	1018	108
B	50	45	49
C	738	669	737
C	652	755	651
D	922	613	921
D	832	703	831
B	718	721	717
D	24	549	23
D	986	549	985
D	780	755	779
A	942	937	941
B	370	365	369
D	368	143	367
B	594	589	593
B	586	597	585
C	993	926	992
C	706	701	705
A	636	635	635
D	727	701	726
B	23	267	22
D	768	767	767
D	259	252	258
B	276	267	275
B	898	600	897
C	712	695	711
B	287	256	286
A	607	600	606
D	923	549	922
C	1	126	0
C	602	126	601
C	333	306	332
C	776	887	775
C	932	987	931
D	793	987	792
C	883	780	882
D	470	41	469
D	440	71	439
A	75	76	74
B	348	76	347
C	140	243	139
B	463	464	462
D	852	683	851
D	782	753	781
D	713	431	712
C	792	871	791
D	617	871	616
C	464	431	463
A	705	710	704
C	194	189	193
C	310	329	309
D	84	427	83
C	592	559	591
D	799	736	798
A	348	347	347
A	294	289	293
B	46	49	45
C	885	778	884
A	593	598	592
D	252	259	251
D	505	923	504
C	339	300	338
A	72	79	87
D	612	923	611
B	195	220	194
B	393	406	392
A	509	406	508
C	638	513	637
B	318	289	317
B	795	772	794
D	321	190	320
A	760	767	775
B	92	67	91
D	177	334	176
D	384	127	383
D	647	888	646
C	760	647	759
B	576	607	639
A	566	741	565
A	738	741	737
B	489	502	488
D	858	677	857
C	129	254	128
B	167	184	166
C	480	415	479
C	655	752	654
B	112	111	111
D	371	140	370
C	890	773	889
D	624	911	623
D	0	511	1023
A	155	156	154
D	953	601	952
D	934	601	933
A	749	746	748
C	612	539	611
A	596	595	595
A	158	153	157
B	969	982	968
D	447	64	446
C	430	465	429
A	611	612	610
A	445	612	444
D	472	39	471
A	822	817	821
D	587	948	586
C	249	134	248
D	902	633	901
C	322	140	321
D	371	140	370
C	603	548	602
D	384	548	383
D	936	599	935
B	414	385	413
A	138	141	137
D	385	126	384
D	622	710	621
A	22	17	21
C	697	710	696
D	283	228	282
B	780	787	779
A	146	149	145
D	91	420	90
A	599	149	598
B	537	518	536
D	504	7	503
D	819	716	818
A	408	415	423
A	557	554	556
A	352	359	367
C	527	624	526
B	894	865	893
B	878	881	877
D	109	402	108
C	169	214	168
A	891	892	890
B	211	25	210
C	442	453	441
B	6	25	5
D	167	344	166
A	872	879	887
C	695	712	694
D	234	277	233
A	400	407	415
A	551	544	550
C	641	766	640
A	170	173	169
C	927	992	926
B	116	107	115
B	892	867	891
C	596	555	595
D	881	555	880
A	203	358	202
A	177	182	176
A	353	358	352
D	512	1023	487
D	42	469	41
C	515	636	514
B	622	625	621
A	369	374	368
B	425	438	424
C	822	841	821
C	146	841	145
D	787	748	786
D	227	254	226
C	129	254	128
D	13	498	12
A	257	262	256
B	959	928	958
C	16	111	15
B	999	1016	14
C	849	814	848
D	99	412	98
B	728	711	727
C	359	280	358
A	104	111	119
A	172	171	171
D	356	155	355
B	660	651	659
C	494	401	493
B	351	320	350
D	768	767	767
C	423	472	422
D	990	545	989
A	874	877	873
C	649	758	648
C	371	268	370
A	716	715	715
B	40	55	39
D	223	597	222
C	369	270	368
C	554	597	553
A	204	203	203
B	699	676	698
D	760	775	759
B	304	303	303
B	309	298	308
D	486	25	485
B	337	334	336
B	690	334	689
D	116	395	115
B	978	973	977
D	894	641	893
B	545	574	544
B	426	437	425
C	910	1009	117
D	2	509	1
C	111	16	110
A	889	894	888
D	609	926	608
D	567	968	566
B	72	87	71
D	863	672	862
B	348	323	347
B	67	92	66
C	213	170	212
C	299	937	298
D	483	28	482
C	497	937	496
C	982	937	981
A	429	426	428
D	877	658	876
D	273	238	272
D	389	238	388
A	974	969	973
C	86	41	85
A	931	932	930
D	540	995	539
C	125	2	124
B	879	880	878
A	497	502	496
D	361	150	360
A	438	433	437
B	992	216	7
B	199	216	198
C	249	134	248
D	37	474	36
A	789	786	788
D	276	235	275
B	962	989	961
C	553	598	552
A	633	638	632
D	296	215	295
C	490	405	489
B	477	450	476
C	121	6	120
C	116	11	115
B	274	269	273
D	930	605	929
C	881	782	880
D	365	146	364
B	550	569	549
B	911	912	910
B	593	590	592
D	754	781	753
A	35	36	34
A	191	184	190
D	673	862	672
C	387	508	386
D	680	508	679
B	643	668	642
C	701	706	700
D	99	412	98
A	468	467	467
C	412	483	411
D	528	1007	503
B	494	497	493
D	467	44	466
C	308	331	307
B	73	861	72
C	340	299	339
B	834	861	833
B	915	908	914
C	677	730	676
A	828	827	827
D	642	730	641
D	155	356	154
A	807	800	806
C	818	845	817
C	745	662	744
A	535	528	534
B	447	416	446
A	730	733	729
B	981	528	980
B	398	187	397
B	164	187	163
B	998	1017	13
C	891	772	890
B	115	108	114
A	778	682	777
D	222	289	221
A	685	682	684
D	732	803	731
B	775	792	774
C	296	724	295
D	811	724	810
A	454	449	453
C	278	361	277
C	31	96	30
D	727	361	726
D	16	459	15
D	722	813	721
C	436	459	435
D	387	124	386
D	805	730	804
C	188	195	187
D	932	603	931
A	192	199	207
B	485	799	484
C	995	924	994
B	914	909	913
B	768	799	831
B	650	661	649
C	85	42	84
C	555	42	554
D	139	42	138
C	174	209	173
B	218	197	217
D	575	960	574
B	574	545	573
B	77	82	76
B	63	82	62
A	372	371	371
C	479	416	478
D	670	851	669
C	812	851	811
D	159	290	158
C	349	290	348
A	935	928	934
B	739	764	738
A	405	402	404
D	920	615	919
C	248	135	247
A	450	453	449
A	794	797	793
D	226	285	225
D	914	621	913
C	723	684	722
A	726	721	725
B	321	350	320
C	845	818	844
C	805	858	804
B	149	138	148
D	116	395	115
B	881	878	880
C	766	84	765
D	194	317	193
C	43	84	42
D	238	273	237
A	995	996	994
B	789	778	788
A	887	880	886
C	517	634	516
C	904	1015	111
D	158	353	157
A	828	827	827
B	551	568	550
B	408	391	407
B	739	764	738
B	610	764	609
A	943	936	942
B	885	874	884
B	887	872	886
B	795	772	794
B	987	336	986
A	178	181	177
A	343	181	342
A	159	152	158
D	705	730	704
D	225	70	224
C	677	730	676
C	57	70	56
D	675	860	674
C	315	324	314
B	541	514	540
A	923	924	922
C	762	645	761
B	449	478	448
B	385	478	384
C	889	774	888
B	579	604	578
A	797	794	796
C	138	245	137
A	433	438	432
A	11	12	10
C	685	722	684
A	354	357	353
B	440	423	439
C	788	875	787
A	963	964	962
A	980	964	979
A	116	115	115
C	148	235	147
B	783	784	782
B	31	0	30
A	918	913	917
B	541	514	540
A	223	216	222
C	10	117	9
A	210	216	209
A	283	388	282
A	387	388	386
D	32	479	31
C	287	352	286
B	589	594	588
A	467	468	466
B	517	538	516
D	983	552	982
A	256	263	271
D	905	630	904
D	853	682	852
B	439	424	438
C	901	1018	108
B	108	115	107
A	790	785	789
D	79	432	78
A	337	342	336
D	908	627	907
B	996	541	11
B	514	541	513
C	258	381	257
C	421	474	420
A	556	555	555
D	901	634	900
B	650	661	649
C	241	142	240
D	112	399	111
A	490	493	489
A	0	7	15
C	699	708	698
C	54	73	53
A	102	97	101
D	114	397	113
B	135	152	134
A	867	868	866
D	597	938	596
C	96	31	95
A	381	378	380
D	517	1018	492
C	757	1018	756
A	203	204	202
B	164	187	163
D	451	60	450
C	223	160	222
C	27	805	26
A	891	892	890
C	715	692	714
C	858	805	857
B	716	723	715
A	228	227	227
D	484	27	483
C	789	874	788
C	44	83	43
C	261	378	260
A	858	861	857
A	336	861	351
D	0	511	1023
B	783	784	782
C	73	54	72
A	945	950	944
A	370	373	369
B	274	269	273
C	499	396	498
D	584	951	583
C	910	1009	117
C	498	397	497
B	872	887	871
D	132	397	131
B	799	768	798
A	407	400	406
A	799	792	798
A	642	645	641
A	946	949	945
C	380	259	379
C	727	680	726
C	320	319	319
A	743	736	742
B	739	764	738
B	350	321	349
B	143	736	142
C	823	840	822
D	317	194	316
D	215	296	214
B	619	628	618
C	114	13	113
A	819	820	818
C	837	826	836
A	234	237	233
B	727	712	726
C	239	144	238
D	825	710	824
A	719	712	718
D	982	17	981
C	613	17	612
C	110	17	109
A	497	502	496
B	806	825	805
A	45	42	44
D	332	179	331
A	787	788	786
D	952	583	951
B	826	805	825
A	940	939	939
B	769	798	768
B	482	509	481
A	900	899	899
D	343	168	342
B	853	842	852
C	427	468	426
A	495	488	494
B	172	179	171
D	79	432	78
C	826	837	825
B	384	722	447
D	466	45	465
B	717	722	716
D	216	839	215
B	160	191	223
A	194	197	193
D	696	839	695
C	549	277	548
A	593	598	592
C	362	277	361
D	886	649	885
D	710	825	709
C	50	77	49
B	807	824	806
B	376	359	375
B	988	963	987
A	987	988	986
B	82	77	81
B	5	26	4
C	754	653	753
A	48	55	63
C	914	1005	121
B	157	130	156
B	211	204	210
B	75	84	74
B	369	366	368
B	861	834	860
A	195	196	194
B	498	493	497
A	315	316	314
C	81	46	80
A	492	491	491
C	51	76	50
C	297	342	296
A	133	130	132
C	745	662	744
A	922	925	921
D	549	986	548
B	89	70	88
D	76	435	75
D	251	260	250
C	195	260	194
A	558	553	557
B	787	780	786
C	84	43	83
B	615	780	614
C	184	199	183
C	413	482	412
A	416	785	431
C	635	516	634
A	790	785	789
D	388	123	387
B	407	392	406
A	378	381	377
D	920	615	919
C	66	61	65
A	251	252	250
C	538	61	537
A	120	252	135
C	80	298	79
D	213	298	212
D	412	99	411
B	223	192	222
C	785	878	784
D	224	287	223
C	970	949	969
C	879	784	878
C	839	824	838
B	257	254	256
B	225	254	224
D	31	480	30
D	581	954	580
A	969	974	968
C	768	895	1023
B	243	236	242
D	575	442	574
C	453	442	452
A	204	203	203
B	539	516	538
A	585	590	584
C	288	351	287
C	346	351	345
B	389	410	388
B	878	881	877
B	933	954	932
C	322	317	321
A	489	494	488
D	559	976	558
A	367	360	366
D	139	372	138
C	49	78	48
C	68	59	67
C	281	358	280
B	123	100	122
D	306	358	305
B	51	44	50
D	836	699	835
A	876	875	875
D	674	861	673
D	905	630	904
A	199	192	198
D	57	454	56
C	837	454	836
B	320	351	383
A	925	922	924
D	26	485	25
C	167	216	166
B	905	359	904
C	733	674	732
B	376	359	375
A	125	122	124
D	787	21	786
A	549	546	548
C	106	21	105
D	546	989	545
D	970	565	969
C	346	293	345
B	209	206	208
B	323	348	322
B	988	963	987
C	678	729	677
C	430	465	429
D	827	729	826
C	702	1013	701
C	906	1013	113
C	147	236	146
A	364	363	363
A	335	328	334
A	531	532	530
D	647	888	646
C	862	801	861
D	91	22	90
D	796	739	795
C	105	22	104
D	747	22	746
B	561	558	560
B	963	988	962
B	168	183	167
C	922	997	921
A	586	589	585
C	355	284	354
B	883	876	882
D	941	594	940
C	319	320	318
D	993	542	992
A	597	594	596
D	730	805	729
D	552	247	551
B	246	848	245
B	847	848	846
C	136	247	135
B	305	302	304
D	52	459	51
A	876	875	875
D	422	459	421
A	213	210	212
B	267	276	266
D	557	978	556
C	396	978	395
D	75	436	74
A	422	417	421
D	882	653	881
B	130	157	129
D	699	836	698
A	111	104	110
A	61	58	60
C	255	128	254
B	411	388	410
C	557	594	556
B	230	249	229
B	299	308	298
B	94	65	93
D	721	814	720
C	520	631	519
C	959	814	958
B	619	628	618
C	176	207	175
C	639	512	638
B	206	209	205
A	766	761	765
A	417	422	416
B	29	2	28
A	636	635	635
D	473	87	472
B	266	277	265
B	634	613	633
D	424	87	423
C	194	832	193
C	831	832	830
B	668	643	667
A	731	643	730
D	8	959	7
C	181	202	180
C	960	959	959
D	203	308	202
A	415	408	414
B	449	478	448
B	773	794	772
D	467	44	466
A	163	157	162
A	154	157	153
B	854	841	853
C	142	241	141
B	59	36	58
C	850	813	849
C	505	390	504
D	542	993	541
D	496	15	495
C	618	533	617
C	32	95	31
B	674	701	673
D	367	144	366
B	944	943	943
C	278	361	277
D	207	304	206
B	462	465	461
C	981	938	980
C	167	216	166
C	571	938	570
B	586	597	585
B	917	906	916
B	289	318	288
D	575	960	574
C	836	827	835
D	17	843	16
B	597	586	596
C	820	843	819
B	3	28	2
C	756	651	755
C	17	651	16
B	947	940	946
B	484	507	483
C	530	594	529
B	348	323	347
C	557	594	556
B	336	627	335
B	817	814	816
D	475	36	474
B	620	627	619
B	425	438	424
C	689	718	688
B	435	428	434
B	798	769	797
A	844	193	843
A	842	845	841
D	852	683	851
A	198	193	197
D	574	961	573
B	355	380	354
D	377	134	376
C	811	852	810
C	52	75	51
D	35	476	34
D	174	337	173
A	187	188	186
B	748	755	747
D	21	490	20
B	505	486	504
D	377	134	376
A	364	798	363
C	75	52	74
A	793	798	792
A	340	339	339
B	291	316	290
B	173	178	172
B	756	178	755
D	427	84	426
D	475	36	474
A	490	493	489
C	244	139	243
C	227	156	226
A	639	632	638
C	4	123	3
A	879	872	878
C	644	763	643
C	279	360	278
C	540	611	539
B	917	906	916
B	497	494	496
D	742	793	741
C	281	358	280
C	255	128	254
B	777	790	776
B	945	942	944
D	189	322	188
C	250	133	249
A	232	239	247
B	226	776	225
C	894	769	893
A	282	285	281
B	791	776	790
D	454	57	453
D	188	323	187
A	389	386	388
C	186	57	185
C	216	167	215
B	789	778	788
B	584	778	583
D	244	267	243
D	980	218	979
A	871	864	870
D	609	926	608
C	165	218	164
B	830	801	829
A	657	662	656
D	45	466	44
D	543	992	542
A	358	353	357
A	269	266	268
B	119	104	118
C	422	473	421
B	850	845	849
A	225	701	224
A	698	701	697
D	156	355	155
C	306	333	305
B	760	743	759
C	548	603	547
A	981	978	980
D	67	444	66
D	679	856	678
B	664	647	663
B	760	647	759
A	641	646	640
C	381	258	380
C	431	464	430
C	787	876	786
C	770	893	769
C	241	142	240
D	192	142	191
D	492	319	491
C	216	396	215
C	943	976	942
D	850	685	849
C	499	396	498
B	534	521	533
C	924	995	923
A	741	738	740
D	674	861	673
A	940	939	939
D	909	626	908
D	950	373	949
D	138	626	137
D	133	378	132
B	627	620	626
C	102	25	101
D	859	25	858
B	508	483	507
A	591	584	590
B	196	218	195
B	197	218	196
C	66	61	65
D	413	98	412
A	68	67	67
B	255	67	254
A	248	460	263
D	960	575	959
A	214	209	213
A	459	460	458
A	620	619	619
B	220	195	219
C	801	862	800
A	296	303	311
A	280	287	295
B	544	575	607
B	533	522	532
C	692	715	691
A	993	506	992
A	509	506	508
C	788	875	787
D	358	875	357
C	821	842	820
A	21	18	20
C	529	622	528
A	587	588	586
A	609	614	608
A	967	520	966
B	815	816	814
A	527	520	526
B	852	843	851
A	146	149	145
C	814	849	813
C	826	837	825
D	853	172	852
A	483	484	482
C	211	172	210
A	879	484	878
C	541	610	540
C	824	839	823
B	952	935	951
C	105	22	104
C	754	653	753
C	377	262	376
A	402	405	401
C	667	740	666
A	736	743	751
A	26	29	25
B	265	743	264
A	426	429	425
C	606	545	605
A	9	14	8
A	165	162	164
A	400	407	415
A	630	625	629
D	103	408	102
C	579	408	578
B	990	961	989
B	565	554	564
D	802	733	801
C	56	71	55
D	217	733	216
A	924	923	923
C	922	997	921
D	63	587	62
C	564	587	563
B	704	345	767
A	350	345	349
A	489	345	488
D	360	151	359
B	184	167	183
A	815	467	814
C	523	628	522
A	468	467	467
D	209	302	208
C	890	773	889
D	374	137	373
A	107	108	106
B	75	84	74
A	991	984	990
B	272	271	271
C	16	111	15
C	767	79	766
C	48	79	47
B	275	322	274
A	325	322	324
A	829	826	828
C	899	1020	106
D	387	1020	386
A	860	859	859
A	524	523	523
C	254	129	253
D	969	1023	968
C	896	129	103
C	160	223	159
B	71	88	70
D	873	662	872
C	370	269	369
B	705	734	704
A	52	51	51
D	934	601	933
C	949	970	948
C	598	553	597
D	201	310	200
C	375	264	374
A	674	677	673
D	610	41	609
B	682	753	681
C	86	41	85
A	758	753	757
B	411	388	410
C	148	235	147
A	846	388	845
A	738	741	737
D	691	844	690
A	957	954	956
A	446	441	445
C	203	180	202
C	350	750	349
D	843	692	842
A	503	496	502
C	657	750	656
A	425	430	424
A	662	657	661
D	170	341	169
B	498	493	497
A	785	790	784
D	834	701	833
B	812	819	811
C	521	630	520
C	742	665	741
C	605	546	604
A	428	427	427
D	879	656	878
C	147	236	146
A	91	92	90
C	174	209	173
B	118	105	117
D	71	440	70
D	739	796	738
C	531	796	530
B	873	886	872
A	807	800	806
B	991	960	990
B	371	364	370
B	96	127	159
D	847	688	846
B	757	746	756
D	262	249	261
B	634	613	633
B	897	926	896
A	449	454	448
D	75	436	74
C	914	1005	121
C	757	650	756
A	95	88	94
C	743	664	742
A	1000	1007	15
D	160	351	159
C	633	518	632
C	288	351	287
A	442	445	441
D	266	245	265
D	623	912	622
A	787	788	786
B	768	799	831
B	489	502	488
C	211	172	210
C	94	33	93
B	645	666	644
D	437	74	436
D	842	693	841
D	949	586	948
B	76	83	75
C	785	822	784
B	283	260	282
C	841	822	840
C	126	1	125
C	974	1	973
###################running time###################
producer time(2): 156.000000s, clock(2): 156.110001s
consumer time(2): 156.000000s, clock(2): 156.699997s
###################running time###################
producer time(2): 145.000000s, clock(2): 155.440002s
consumer time(2): 164.000000s, clock(2): 155.669998s
###################running time###################
producer time(2): 141.000000s, clock(2): 155.759995s
consumer time(2): 173.000000s, clock(2): 155.759995s
###################running time###################
producer time(2): 145.000000s, clock(2): 155.270004s
consumer time(2): 160.000000s, clock(2): 155.429993s
###################running time###################
producer time(2): 0.000000s, clock(2): 0.000000s
consumer time(2): 0.000000s, clock(2): 0.000000s
